1457965324.761548750 -0.000825354 -0.0121036 -0.00959106 0.0121928 0.0150842 0.0163413 0.999678
1457965324.794917814 -0.00196952 0.00247164 -0.00671053 0.0144918 0.0147178 0.0170121 0.999642
1457965324.828285210 -0.000556015 -0.00710164 -0.00805067 0.0130664 0.0151103 0.0165231 0.999664
1457965324.861655228 0.018545 0.00116922 -0.00784934 0.0141874 0.0110414 0.0174888 0.999686
1457965324.895024054 0.00137424 0.00182102 -0.0111582 0.0145019 0.0126033 0.0178947 0.999655
1457965324.928392641 0.00187356 -2.4949e-05 -0.00814906 0.0140502 0.0117939 0.0181109 0.999668
1457965324.961755983 -0.0015851 0.00243712 -0.0108023 0.0146681 0.0106099 0.0179403 0.999675
1457965324.994574062 -0.0051695 -0.00413172 -0.00850832 0.0137182 0.00855958 0.0205343 0.999658
1457965325.027931921 -0.00696645 0.0111377 -0.0137639 0.0174559 0.00596128 0.0199044 0.999632
1457965325.061294548 -0.0140786 0.00407074 -0.0138346 0.0173511 0.00487713 0.0211005 0.999615
1457965325.094663612 -0.0115909 0.00290106 -0.00949785 0.0185265 0.00161347 0.0190484 0.999646
1457965325.128033630 -0.00163201 0.015963 -0.00982849 0.0212023 -0.00157561 0.0183157 0.999606
1457965325.161402695 0.00589469 -0.0010404 -0.0130429 0.0186071 -0.00310878 0.0165112 0.999686
1457965325.194771521 -0.0115485 0.0114069 -0.013055 0.0203902 -0.0029473 0.0190843 0.999606
1457965325.228140585 0.015082 0.00313896 -0.00810311 0.0194593 -0.0108706 0.0201471 0.999549
1457965325.261516802 0.0130018 0.00881073 -0.00870166 0.0211852 -0.0138284 0.0198718 0.999483
1457965325.294879667 0.0169622 0.00529977 -0.00589571 0.0203654 -0.0174595 0.0218084 0.999402
1457965325.328248732 0.00656549 -0.00107707 -0.00522818 0.0192166 -0.0181073 0.0215947 0.999418
1457965325.361623756 0.0190336 0.0122678 -0.00735418 0.0213556 -0.0241783 0.0255551 0.999153
1457965325.395008556 0.0282493 0.0195491 -0.00522414 0.0237759 -0.0330675 0.0272546 0.998799
1457965325.428382151 0.0330831 0.0139229 -0.00841665 0.0237283 -0.0398228 0.0285679 0.998516
1457965325.461754791 0.0638736 0.00988382 0.00116092 0.0242013 -0.0545586 0.0335632 0.997653
1457965325.495126478 0.0663053 0.0171561 0.00228845 0.0269605 -0.0639867 0.0354664 0.996956
1457965325.528496496 0.0621068 0.0154241 0.00781925 0.0285719 -0.0713294 0.0356858 0.996405
1457965325.561865561 0.0771023 0.011462 0.0132627 0.0273267 -0.0798265 0.0358194 0.99579
1457965325.595242970 0.0686847 0.0115118 0.0127695 0.0256516 -0.0811844 0.0358979 0.995722
1457965325.628603451 0.0637028 0.00183767 0.013134 0.0233908 -0.0836461 0.0347996 0.995613
1457965325.661967031 0.0707824 0.0120143 0.0153242 0.0254382 -0.0903192 0.0366629 0.994913
1457965325.695336096 0.0850607 0.00684917 0.0198669 0.0258352 -0.0987459 0.0384698 0.994033
1457965325.728704683 0.0948475 0.0165041 0.0279323 0.0284503 -0.10774 0.040716 0.992938
1457965325.762042992 0.0960459 0.0132189 0.0313205 0.0279661 -0.11388 0.0442101 0.992116
1457965325.795443766 0.110341 0.0108334 0.0355148 0.0273198 -0.120829 0.046397 0.991212
1457965325.828857414 0.113878 0.00256901 0.0398415 0.0253947 -0.125296 0.0501512 0.990525
1457965325.862181656 0.119178 0.0144172 0.0463795 0.0280313 -0.131601 0.0532287 0.989476
1457965325.895540230 0.10793 0.019307 0.0363819 0.0315662 -0.135403 0.0570697 0.988642
1457965325.928902380 0.118201 0.026596 0.0450755 0.0362506 -0.145052 0.062956 0.986754
1457965325.962271206 0.123213 0.0287703 0.0467085 0.0412752 -0.15549 0.0683336 0.984606
1457965325.995640270 0.123109 0.0236215 0.0594164 0.0439218 -0.166577 0.0721748 0.982402
1457965326.029009335 0.127149 0.0188045 0.0665878 0.0461789 -0.174851 0.0741865 0.980709
1457965326.062387220 0.125228 0.0255155 0.0696409 0.0517515 -0.180944 0.0756194 0.979215
1457965326.095756046 0.12351 0.0135638 0.0719964 0.0527785 -0.18738 0.0761779 0.977906
1457965326.129135601 0.122542 0.00464084 0.0710166 0.0537941 -0.195839 0.0758712 0.976216
1457965326.162535183 0.124483 0.00950612 0.078615 0.0561347 -0.205093 0.0775299 0.974051
1457965326.195905201 0.138619 0.00802721 0.0907298 0.0585627 -0.215923 0.0765727 0.97164
1457965326.229274265 0.134627 0.000861687 0.0894561 0.0590269 -0.223101 0.0748309 0.970125
1457965326.262650244 0.133676 0.00275817 0.0964159 0.0616979 -0.230497 0.0742221 0.968275
1457965326.296012156 0.15029 0.00586228 0.10959 0.0646905 -0.241183 0.0760242 0.965332
1457965326.329341166 0.147118 0.00777487 0.111755 0.0674434 -0.249554 0.0792784 0.962751
1457965326.362702362 0.145838 0.00131704 0.114549 0.0679945 -0.259482 0.0820087 0.959854
1457965326.396049015 0.152481 0.0026652 0.128517 0.0694377 -0.27095 0.0840886 0.956396
1457965326.429418079 0.155363 0.0102232 0.139022 0.0720343 -0.281404 0.0860359 0.953006
1457965326.462788097 0.157443 0.00387153 0.142439 0.0730036 -0.290629 0.0873035 0.950044
1457965326.496157162 0.158998 0.00698308 0.153578 0.0757059 -0.300373 0.0901009 0.946534
1457965326.529560081 0.160933 0.00203669 0.15547 0.0771967 -0.308864 0.0916805 0.943524
1457965326.562928907 0.151518 0.00936124 0.155533 0.0801142 -0.316719 0.0958229 0.94026
1457965326.596298925 0.14624 0.0080644 0.157441 0.0811082 -0.325507 0.101725 0.936546
1457965326.629667990 0.161237 0.0129193 0.177607 0.0833947 -0.339366 0.106448 0.930884
1457965326.663037054 0.163149 0.010747 0.182831 0.0835735 -0.35024 0.111686 0.926215
1457965326.696408264 0.160575 0.00132728 0.188897 0.0813565 -0.360278 0.116504 0.921958
1457965326.729793779 0.155506 0.000710245 0.1914 0.0794751 -0.37072 0.122714 0.917165
1457965326.763162844 0.163823 0.00247886 0.203641 0.0761752 -0.383975 0.133373 0.910479
1457965326.796539299 0.161436 0.0106016 0.216598 0.0774463 -0.399028 0.141482 0.902642
1457965326.829909079 0.179462 0.0218619 0.244666 0.0792707 -0.421631 0.151941 0.890426
1457965326.863278858 0.187203 0.0256356 0.258601 0.083392 -0.445435 0.161383 0.876692
1457965326.896647923 0.197747 0.0441322 0.28153 0.0920787 -0.46403 0.16829 0.864798
1457965326.930016987 0.19864 0.0461239 0.285789 0.0978424 -0.477279 0.175017 0.85557
1457965326.963389389 0.195751 0.0378238 0.293074 0.101414 -0.491907 0.182284 0.84529
1457965326.996756069 0.197043 0.0303729 0.301703 0.103248 -0.508844 0.190772 0.833081
1457965327.030124895 0.210248 -0.0019651 0.325289 0.0984004 -0.526352 0.194661 0.821814
1457965327.063493959 0.200551 0.0203965 0.335668 0.10164 -0.538702 0.199607 0.812174
1457965327.096863024 0.197521 -0.00124783 0.329051 0.0971745 -0.547671 0.202045 0.806096
1457965327.130212538 0.189231 0.00438286 0.352036 0.0980991 -0.560015 0.20527 0.796633
1457965327.163551323 0.194112 0.0236393 0.366045 0.102178 -0.569466 0.208333 0.788585
1457965327.196907274 0.192572 0.0283259 0.371193 0.10085 -0.57709 0.214424 0.781549
1457965327.230276339 0.188183 0.0431805 0.36759 0.10281 -0.584405 0.222233 0.773637
1457965327.263646357 0.184405 0.0381111 0.366765 0.102408 -0.593771 0.228868 0.764571
1457965327.297015421 0.183764 0.0337409 0.378958 0.103171 -0.605114 0.233856 0.753992
1457965327.330384247 0.182377 0.0395563 0.386764 0.10421 -0.617663 0.240693 0.741417
1457965327.363753311 0.176328 0.0346011 0.4032 0.103361 -0.63172 0.247517 0.727312
1457965327.397136442 0.177956 0.0285829 0.406647 0.0992927 -0.63853 0.254321 0.719543
1457965327.430507652 0.176915 0.0237316 0.417379 0.0982107 -0.645938 0.260239 0.710911
1457965327.463874332 0.169116 0.0385677 0.415401 0.0994488 -0.654097 0.268701 0.700048
1457965327.497245543 0.150341 0.0638671 0.436538 0.106237 -0.668844 0.277192 0.681562
1457965327.530622236 0.140001 0.0669698 0.4443 0.108211 -0.682468 0.287954 0.663031
1457965327.563991301 0.141865 0.0425829 0.433149 0.108261 -0.690085 0.28913 0.654573
1457965327.597364656 0.165204 0.00673364 0.450146 0.103639 -0.698484 0.288901 0.646464
1457965327.630733721 0.144141 0.0555466 0.460952 0.117657 -0.705635 0.294924 0.633448
1457965327.664103739 0.118573 0.0582371 0.474951 0.124021 -0.718465 0.302182 0.614095
1457965327.697472803 0.113395 0.035143 0.479256 0.121902 -0.730277 0.307286 0.597838
1457965327.730837337 0.125592 0.0109661 0.488481 0.120223 -0.736576 0.308241 0.589907
1457965327.764199488 0.133588 0.00629964 0.479567 0.118314 -0.739102 0.31191 0.585186
1457965327.797569506 0.140168 0.00717992 0.505042 0.118882 -0.745145 0.315348 0.575484
1457965327.830936424 0.135788 0.0166941 0.493723 0.123531 -0.746792 0.320939 0.569244
1457965327.864305489 0.150566 0.0128036 0.489767 0.125874 -0.747993 0.325367 0.564622
1457965327.897674314 0.139631 0.0101334 0.479 0.127057 -0.749851 0.332165 0.557894
1457965327.931044333 0.12388 -0.00155022 0.475346 0.129116 -0.753728 0.334209 0.550933
1457965327.964413397 0.122642 0.00369796 0.490444 0.12767 -0.757712 0.340458 0.541906
1457965327.997782461 0.115811 -0.00217772 0.487607 0.127903 -0.762802 0.344524 0.53205
1457965328.031146042 0.116038 -0.0198873 0.488984 0.126558 -0.768677 0.345284 0.523353
1457965328.064505331 0.112366 -0.0205689 0.503171 0.125103 -0.775809 0.347396 0.51165
1457965328.097867243 0.117285 -0.0216609 0.506177 0.124167 -0.780133 0.348649 0.5044
1457965328.131236307 0.118819 -0.0147542 0.518532 -0.124242 0.784063 -0.351113 -0.496517
1457965328.164576761 0.121419 -0.0148734 0.516058 -0.123917 0.785666 -0.353024 -0.492694
1457965328.197945826 0.116689 -0.0257308 0.521194 -0.123647 0.789351 -0.354637 -0.485663
1457965328.231307499 0.120793 -0.0332645 0.515574 -0.123204 0.794247 -0.356309 -0.476484
1457965328.264676563 0.119875 -0.0307709 0.524302 -0.125002 0.7989 -0.357793 -0.467031
1457965328.298045628 0.116894 -0.0292964 0.529981 -0.124213 0.802603 -0.361182 -0.4582
1457965328.331422798 0.121435 -0.0255667 0.535645 -0.122702 0.806011 -0.366237 -0.44851
1457965328.364791624 0.117388 -0.0258131 0.533525 -0.123257 0.809183 -0.371178 -0.438472
1457965328.398160688 0.121335 -0.028592 0.51084 -0.124754 0.808851 -0.374526 -0.435807
1457965328.431529753 0.127651 -0.0331039 0.508571 -0.123614 0.808996 -0.37515 -0.435325
1457965328.464900724 0.120148 -0.0364113 0.507078 -0.121821 0.811255 -0.378008 -0.429109
1457965328.498284809 0.129719 -0.0518678 0.495931 -0.122454 0.815784 -0.378924 -0.419426
1457965328.531660549 0.115214 -0.0567966 0.503339 -0.127378 0.822093 -0.379107 -0.405236
1457965328.565029613 0.126727 -0.0418009 0.499928 -0.129902 0.821491 -0.379646 -0.405151
1457965328.598402731 0.116195 -0.0202593 0.525322 -0.132808 0.820442 -0.383516 -0.402682
1457965328.631771795 0.110992 -0.0147553 0.535773 -0.132284 0.819275 -0.389712 -0.399267
1457965328.665140621 0.0743691 -0.0190557 0.553665 -0.134734 0.82284 -0.392996 -0.387731
1457965328.698509686 0.0608609 -0.0211055 0.539442 -0.13368 0.824371 -0.399164 -0.378432
1457965328.731879704 0.0432883 -0.0387461 0.533428 -0.132816 0.830651 -0.397577 -0.366486
1457965328.765248768 0.0596602 -0.0475786 0.508177 -0.135913 0.832641 -0.392619 -0.366178
1457965328.798617832 0.0457994 -0.0467551 0.531152 -0.142707 0.837007 -0.384297 -0.362449
1457965328.831983559 0.0320449 -0.0446778 0.518465 -0.14239 0.840451 -0.381896 -0.357103
1457965328.865309469 0.0215887 -0.0531111 0.505116 -0.143607 0.843342 -0.374915 -0.357198
1457965328.898667566 0.0180153 -0.0607759 0.488652 -0.132112 0.849024 -0.368701 -0.354633
1457965328.932036631 0.0184534 -0.0683143 0.465882 -0.126556 0.854498 -0.362196 -0.350187
1457965328.965405457 0.0297945 -0.0728341 0.478902 -0.124098 0.862458 -0.352049 -0.3418
1457965328.998775475 0.0168207 -0.0675394 0.487538 -0.121058 0.869612 -0.345119 -0.331683
1457965329.065524570 0.028148 -0.0382674 0.533282 -0.116303 0.877679 -0.334634 -0.32276
1457965329.098893396 0.0595111 -0.0548581 0.525349 -0.1118 0.881225 -0.323958 -0.325567
1457965329.132268660 0.0508502 -0.0496299 0.527111 -0.112997 0.883449 -0.31691 -0.326063
1457965329.165643446 0.0449342 -0.0398148 0.536126 -0.113473 0.886347 -0.311964 -0.322786
1457965329.199014179 0.0302387 -0.0416505 0.528826 -0.111675 0.890868 -0.308967 -0.313723
1457965329.232390158 0.0390222 -0.0511396 0.530248 -0.112016 0.894651 -0.300338 -0.311205
1457965329.265753262 0.0389763 -0.0394385 0.523644 -0.111935 0.896292 -0.297006 -0.309707
1457965329.299129002 0.0273125 -0.0481693 0.532121 -0.113642 0.900989 -0.288661 -0.30328
1457965329.332506649 0.00797145 -0.043672 0.523792 -0.113828 0.906359 -0.284378 -0.29101
1457965329.365875713 0.00410673 -0.0487021 0.507188 -0.113032 0.911966 -0.278309 -0.279439
1457965329.399250261 -0.00236093 -0.04834 0.519096 -0.116357 0.917031 -0.270938 -0.26853
1457965329.432619087 -0.0035488 -0.035001 0.507428 -0.120132 0.919266 -0.26989 -0.260148
1457965329.465988628 -0.0110366 -0.0395173 0.514411 -0.123642 0.922401 -0.268363 -0.248737
1457965329.499357693 -0.00716084 -0.0393613 0.509474 -0.127751 0.923781 -0.267058 -0.242876
1457965329.532728188 0.00357592 -0.0452073 0.501914 -0.130001 0.923943 -0.266459 -0.241721
1457965329.566115849 0.0140411 -0.0412955 0.499995 -0.129617 0.923596 -0.267873 -0.241688
1457965329.599477760 0.00621443 -0.0392068 0.498012 -0.128159 0.923858 -0.269544 -0.2396
1457965329.632834665 0.0223284 -0.0391304 0.496765 -0.124264 0.924139 -0.270976 -0.238953
1457965329.666204206 -0.0030719 -0.0329851 0.498834 -0.124738 0.924289 -0.275209 -0.23322
1457965329.699568741 0.013451 -0.0380016 0.49025 -0.118637 0.923906 -0.280207 -0.231963
1457965329.732937567 0.00172868 -0.0291198 0.490007 -0.114541 0.922753 -0.289322 -0.227375
1457965329.766306631 0.00691851 -0.0151831 0.488162 -0.113926 0.918525 -0.30373 -0.226013
1457965329.799676649 0.0268999 -0.0350491 0.47832 -0.107403 0.915703 -0.313163 -0.227776
1457965329.833045475 0.0378067 -0.0406432 0.492165 -0.103508 0.91458 -0.31754 -0.228033
1457965329.866419069 0.0524424 -0.0579439 0.510695 -0.0998488 0.91516 -0.314348 -0.231728
1457965329.899783365 0.0673213 -0.0632063 0.501041 -0.0975474 0.914585 -0.31244 -0.237488
1457965329.933153383 0.0567131 -0.0622352 0.505598 -0.0975394 0.913821 -0.312968 -0.239726
1457965329.966522448 0.0620879 -0.0638444 0.502639 -0.0937964 0.914231 -0.310893 -0.242341
1457965329.999891512 0.0636271 -0.0669624 0.502857 -0.0941209 0.914648 -0.307418 -0.245059
1457965330.033248417 0.0615947 -0.0525345 0.495919 -0.093996 0.913029 -0.309173 -0.248907
1457965330.066618435 0.0532588 -0.0553187 0.506664 -0.0941942 0.912569 -0.309251 -0.250418
1457965330.099987499 0.051656 -0.067318 0.50973 -0.0915465 0.914729 -0.305013 -0.248711
1457965330.133356564 0.0522787 -0.0648706 0.505852 -0.0894105 0.915841 -0.303601 -0.247118
1457965330.166725389 0.0519052 -0.0677717 0.503784 -0.085151 0.917683 -0.300407 -0.245688
1457965330.200101368 0.0642788 -0.0747355 0.507825 -0.0837016 0.919948 -0.29459 -0.244759
1457965330.233446352 0.0630642 -0.0726046 0.500732 -0.0828138 0.922021 -0.288538 -0.244467
1457965330.266839497 0.0544261 -0.0815003 0.513777 -0.085993 0.925917 -0.277837 -0.241019
1457965330.300184481 0.04705 -0.0717229 0.50645 -0.0863676 0.928574 -0.273335 -0.235754
1457965330.333578341 0.0378483 -0.0591489 0.505149 -0.0895108 0.930064 -0.272 -0.230185
1457965330.366941444 0.0377908 -0.0627569 0.499606 -0.0885662 0.93111 -0.269497 -0.229265
1457965330.400310509 0.032238 -0.0600945 0.501934 -0.0883673 0.932239 -0.26717 -0.22747
1457965330.433679573 0.031337 -0.0558472 0.486656 -0.0855361 0.932671 -0.269093 -0.224495
1457965330.467035286 0.0200166 -0.0543403 0.492641 -0.088415 0.933989 -0.268418 -0.21863
1457965330.500418417 0.0163371 -0.0560458 0.500246 -0.0912562 0.935962 -0.266301 -0.211497
1457965330.533793442 0.00891826 -0.0606795 0.501057 -0.0933803 0.938376 -0.263441 -0.203294
1457965330.567156546 0.00224863 -0.0473325 0.482233 -0.0953137 0.93889 -0.266821 -0.195467
1457965330.600526564 -0.00717625 -0.057175 0.490321 -0.0979985 0.940187 -0.267278 -0.187102
1457965330.633881084 -0.0128569 -0.0525918 0.480519 -0.0969806 0.941095 -0.270314 -0.17851
1457965330.667250149 -0.00262782 -0.054791 0.479195 -0.100129 0.940992 -0.271708 -0.175166
1457965330.700615398 -0.0102124 -0.0685097 0.481047 -0.100367 0.942598 -0.27122 -0.166957
1457965330.733989231 -0.0383732 -0.0606772 0.483159 -0.10744 0.943734 -0.273594 -0.151557
1457965330.767327539 -0.0350667 -0.0690263 0.479422 -0.110239 0.944758 -0.275653 -0.13891
1457965330.800696365 -0.0183131 -0.0848734 0.477395 -0.110778 0.946396 -0.274487 -0.129301
1457965330.834044687 -0.0370742 -0.0797851 0.46514 -0.112148 0.946428 -0.278561 -0.118746
1457965330.867414705 -0.0261532 -0.078108 0.458732 -0.109797 0.946465 -0.28195 -0.11249
1457965330.900787107 -0.0420608 -0.0866745 0.466299 -0.115192 0.947432 -0.280534 -0.102
1457965330.934152596 -0.045504 -0.0926862 0.462216 -0.114948 0.948468 -0.280464 -0.092383
1457965330.967524998 -0.0468543 -0.101382 0.465534 -0.115821 0.949324 -0.279744 -0.0843414
1457965331.000891678 -0.0417439 -0.103022 0.465815 -0.116332 0.950016 -0.279192 -0.0773924
1457965331.034260742 -0.0547901 -0.0996967 0.461457 -0.119014 0.950196 -0.279977 -0.0676529
1457965331.067629568 -0.0477559 -0.0988204 0.456433 -0.117881 0.951134 -0.278712 -0.0613827
1457965331.100994341 -0.0495364 -0.104416 0.45988 -0.116481 0.951979 -0.277949 -0.0539696
1457965331.134368650 -0.0439917 -0.0991222 0.455723 -0.115154 0.951706 -0.280425 -0.0485578
1457965331.167741053 -0.0558445 -0.0973259 0.450299 -0.112709 0.950688 -0.286267 -0.0392385
1457965331.201111071 -0.0413213 -0.100625 0.45671 -0.111 0.950136 -0.289489 -0.0334333
1457965331.234478943 -0.0496054 -0.088113 0.437714 -0.111877 0.94744 -0.298909 -0.022225
1457965331.267849915 -0.0615719 -0.0904659 0.431387 -0.113998 0.946419 -0.301971 -0.0104808
1457965331.301218979 -0.073146 -0.084995 0.419159 -0.111382 0.945047 -0.307363 0.00289922
1457965331.334590189 -0.0642477 -0.0896697 0.422939 -0.104558 0.94359 -0.313754 0.0162523
1457965331.367982380 -0.0771239 -0.0918284 0.415259 -0.0973897 0.941929 -0.319449 0.0351752
1457965331.401352398 -0.0924829 -0.0872779 0.404106 -0.0924922 0.94124 -0.320082 0.055322
1457965331.434721462 -0.123366 -0.107111 0.403135 -0.0881028 0.941026 -0.316196 0.0820269
1457965331.468090527 -0.129336 -0.0999673 0.378439 -0.0925347 0.938411 -0.317847 0.0989718
1457965331.501459591 -0.122539 -0.116356 0.386617 -0.0957027 0.93698 -0.317557 0.109852
1457965331.534821264 -0.131149 -0.125394 0.38542 -0.101158 0.933766 -0.321124 0.121359
1457965331.568190329 -0.135657 -0.13109 0.381748 -0.106731 0.930261 -0.325773 0.130747
1457965331.601559393 -0.133959 -0.135275 0.38322 -0.107026 0.928975 -0.327328 0.135672
1457965331.634928457 -0.14038 -0.138439 0.382905 -0.110885 0.926155 -0.33082 0.143177
1457965331.668296091 -0.142872 -0.129213 0.371635 -0.110928 0.923745 -0.335752 0.147176
1457965331.701664917 -0.140794 -0.135552 0.37948 -0.111708 0.92342 -0.333814 0.152925
1457965331.735036366 -0.144958 -0.145079 0.378253 -0.110247 0.923534 -0.330027 0.161284
1457965331.768403046 -0.140686 -0.135681 0.377894 -0.110891 0.922303 -0.330074 0.167663
1457965331.801773064 -0.187724 -0.137697 0.334993 -0.113928 0.919235 -0.33122 0.179778
1457965331.835129253 -0.180205 -0.136675 0.338265 -0.107813 0.920849 -0.326013 0.184742
1457965331.868482105 -0.180716 -0.127459 0.334212 -0.103704 0.921425 -0.321048 0.192743
1457965331.901851170 -0.18149 -0.130449 0.33115 -0.108643 0.919464 -0.320443 0.200249
1457965331.935221188 -0.180282 -0.139653 0.336857 -0.111012 0.920255 -0.315077 0.203799
1457965331.968560450 -0.183834 -0.127648 0.328253 -0.0986296 0.922312 -0.309189 0.209796
1457965332.001929276 -0.175958 -0.120269 0.329463 -0.0805033 0.924288 -0.301953 0.219168
1457965332.035298340 -0.178513 -0.117458 0.322818 -0.0709012 0.924773 -0.294767 0.229957
1457965332.068668358 -0.183299 -0.128576 0.319019 -0.0617373 0.926042 -0.286122 0.238261
1457965332.102036230 -0.177413 -0.125225 0.3202 -0.0489249 0.927336 -0.279092 0.244462
1457965332.135405056 -0.187865 -0.126729 0.312769 -0.0419295 0.928041 -0.272097 0.250888
1457965332.168775312 -0.191433 -0.139392 0.311441 -0.0344431 0.929603 -0.267301 0.251402
1457965332.202144138 -0.17754 -0.151804 0.324355 -0.0228356 0.931488 -0.262677 0.25062
1457965332.235501520 -0.167149 -0.160967 0.338054 -0.00576085 0.931137 -0.258291 0.257367
1457965332.268870584 -0.178197 -0.163307 0.329491 0.00257041 0.926657 -0.265628 0.265972
1457965332.302239410 -0.186063 -0.173425 0.323996 0.0109691 0.924251 -0.272659 0.267017
1457965332.335609428 -0.174059 -0.172837 0.335494 0.0291206 0.920905 -0.281265 0.268284
1457965332.368978493 -0.173702 -0.165914 0.337862 0.0500886 0.916188 -0.285708 0.276518
1457965332.402347557 -0.17311 -0.182641 0.342521 0.0692376 0.910681 -0.29358 0.282272
1457965332.435716383 -0.178015 -0.182361 0.343187 0.0896785 0.903387 -0.303275 0.28961
1457965332.469055407 -0.184958 -0.201506 0.34969 0.10867 0.897191 -0.31002 0.295173
1457965332.502424471 -0.175135 -0.184556 0.352707 0.131784 0.887939 -0.323564 0.299171
1457965332.535793535 -0.183359 -0.198601 0.35886 0.14814 0.880108 -0.329658 0.307879
1457965332.569162361 -0.179252 -0.191535 0.361534 0.170416 0.870156 -0.338318 0.315164
1457965332.602532379 -0.182994 -0.182595 0.361702 0.190169 0.859499 -0.343488 0.327281
1457965332.635901443 -0.187553 -0.177005 0.360991 0.203978 0.850648 -0.346847 0.33836
1457965332.669270508 -0.196688 -0.183447 0.363734 0.212341 0.843177 -0.347805 0.350706
1457965332.702643148 -0.191548 -0.171842 0.360026 0.218425 0.836361 -0.351406 0.359589
1457965332.736023180 -0.204299 -0.169251 0.354796 0.219268 0.830792 -0.351319 0.37186
1457965332.769392006 -0.208981 -0.193891 0.371271 0.221801 0.829022 -0.344709 0.380399
1457965332.802761070 -0.193879 -0.177724 0.378099 0.229125 0.81995 -0.346576 0.393789
1457965332.836130135 -0.197056 -0.17631 0.377398 0.23243 0.811087 -0.344094 0.411964
1457965332.869500153 -0.20151 -0.182446 0.372656 0.234749 0.804879 -0.339949 0.426026
1457965332.902858965 -0.202246 -0.186213 0.367724 0.235563 0.800567 -0.337575 0.435483
1457965332.936228029 -0.197295 -0.180515 0.372255 0.239225 0.793966 -0.334854 0.447507
1457965332.969597094 -0.198156 -0.184484 0.377205 0.241925 0.78777 -0.329081 0.461082
1457965333.002955667 -0.183387 -0.176663 0.378312 0.245993 0.780939 -0.328801 0.47065
1457965333.036324493 -0.181774 -0.175924 0.377611 0.246763 0.77391 -0.328722 0.481782
1457965333.069693558 -0.182815 -0.180351 0.381125 0.246271 0.768389 -0.326443 0.492305
1457965333.103062622 -0.182705 -0.181167 0.380417 0.247307 0.762593 -0.323675 0.502519
1457965333.136430017 -0.179613 -0.173603 0.371676 0.251651 0.754173 -0.322218 0.513878
1457965333.169799082 -0.181043 -0.177747 0.372426 0.254491 0.746824 -0.318709 0.525275
1457965333.203167908 -0.179895 -0.178725 0.377656 0.254722 0.740605 -0.315879 0.535576
1457965333.236536972 -0.175684 -0.180166 0.383105 0.25436 0.735267 -0.313218 0.54459
1457965333.269909613 -0.171772 -0.180067 0.386388 0.255199 0.730875 -0.30913 0.552389
1457965333.303292267 -0.171444 -0.178755 0.386419 0.253334 0.726763 -0.306411 0.560134
1457965333.336668961 -0.176788 -0.183602 0.384972 0.249507 0.724353 -0.302488 0.567063
1457965333.370044462 -0.169086 -0.178654 0.385319 0.248382 0.721083 -0.30126 0.572354
1457965333.403414480 -0.169506 -0.181439 0.386233 0.248623 0.715969 -0.297263 0.580698
1457965333.436785690 -0.172137 -0.184806 0.389992 0.250444 0.710586 -0.288773 0.590725
1457965333.470155470 -0.166233 -0.177505 0.385342 0.254664 0.701922 -0.283849 0.601566
1457965333.503532402 -0.158348 -0.170514 0.375628 0.256973 0.693939 -0.282186 0.610561
1457965333.536912672 -0.15098 -0.162189 0.371466 0.254818 0.687129 -0.283873 0.618335
1457965333.570281736 -0.150107 -0.159621 0.373756 0.252928 0.680591 -0.282225 0.627034
1457965333.603650801 -0.147581 -0.159328 0.387023 0.252966 0.67346 -0.27822 0.636438
1457965333.637019627 -0.141475 -0.151054 0.379951 0.255827 0.661847 -0.27641 0.648158
1457965333.670371286 -0.13691 -0.144837 0.370622 0.258745 0.647558 -0.274794 0.661973
1457965333.703740351 -0.141228 -0.149912 0.381381 0.257477 0.639455 -0.271123 0.671785
1457965333.737106554 -0.146868 -0.156859 0.389875 0.255756 0.631268 -0.266775 0.681851
1457965333.770451538 -0.139186 -0.149825 0.382068 0.257221 0.617846 -0.265849 0.693851
1457965333.803815834 -0.130839 -0.141832 0.379181 0.259349 0.60253 -0.264986 0.706737
1457965333.837184898 -0.129974 -0.139579 0.386383 0.261863 0.590067 -0.261806 0.71743
1457965333.870553963 -0.133675 -0.143596 0.386423 0.262627 0.577849 -0.2568 0.728815
1457965333.903928511 -0.136122 -0.151906 0.404347 0.263208 0.567733 -0.248483 0.739363
1457965333.937298529 -0.130322 -0.145408 0.384601 0.267322 0.547607 -0.242725 0.754818
1457965333.970667355 -0.131416 -0.143993 0.386165 0.267391 0.534846 -0.238604 0.765186
1457965334.004036419 -0.140147 -0.156455 0.385458 0.262761 0.525039 -0.233869 0.774981
1457965334.037405483 -0.156214 -0.178819 0.378261 0.254633 0.517332 -0.227138 0.784817
1457965334.070782654 -0.161751 -0.188336 0.380004 0.251558 0.511689 -0.220595 0.791347
1457965334.104155056 -0.143782 -0.169758 0.376162 0.25819 0.498443 -0.217038 0.798615
1457965334.137547962 -0.149116 -0.168751 0.389177 0.259279 0.491776 -0.208842 0.804559
1457965334.170917027 -0.140553 -0.154495 0.400853 0.260596 0.483049 -0.208854 0.809403
1457965334.204287283 -0.139811 -0.153557 0.405448 0.257295 0.476555 -0.20508 0.815253
1457965334.237663738 -0.13881 -0.152077 0.399253 0.254224 0.469437 -0.201502 0.821216
1457965334.271032564 -0.131485 -0.142477 0.400451 0.254957 0.460625 -0.198375 0.826722
1457965334.304401628 -0.134505 -0.145025 0.408776 0.251255 0.45282 -0.193493 0.833298
1457965334.337764256 -0.128682 -0.131455 0.418647 0.251601 0.443199 -0.190598 0.839014
1457965334.371133081 -0.129238 -0.137117 0.410108 0.247112 0.430781 -0.18519 0.847979
1457965334.404501907 -0.126406 -0.127141 0.420571 0.245311 0.421949 -0.183367 0.853322
1457965334.437843554 -0.124791 -0.122949 0.419138 0.242954 0.411932 -0.180941 0.859387
1457965334.471198074 -0.123655 -0.113841 0.425377 0.242394 0.402688 -0.177687 0.864589
1457965334.504565470 -0.124272 -0.12366 0.42348 0.236878 0.392008 -0.173047 0.871937
1457965334.537934296 -0.113246 -0.101985 0.423099 0.238567 0.379361 -0.171694 0.877321
1457965334.571303360 -0.113551 -0.0926417 0.42961 0.237877 0.367817 -0.170255 0.882688
1457965334.604673378 -0.11499 -0.106249 0.424222 0.231164 0.354098 -0.165651 0.89092
1457965334.638042442 -0.12041 -0.107164 0.423341 0.229067 0.343245 -0.160804 0.896579
1457965334.671413176 -0.116085 -0.108085 0.419667 0.225776 0.332766 -0.15981 0.901528
1457965334.704780333 -0.142089 -0.102169 0.445151 0.223646 0.331042 -0.158982 0.902839
1457965334.738150351 -0.130027 -0.102464 0.438064 0.223348 0.316038 -0.152868 0.909322
1457965334.771519415 -0.12818 -0.0901802 0.447736 0.22493 0.306041 -0.148741 0.913029
1457965334.804888002 -0.123191 -0.0930374 0.446209 0.223423 0.293661 -0.14311 0.918349
1457965334.838251583 -0.10933 -0.0960295 0.438993 0.221794 0.278275 -0.138276 0.924257
1457965334.871621601 -0.128142 -0.102089 0.451513 0.219221 0.271762 -0.132129 0.927701
1457965334.904995911 -0.131467 -0.0994165 0.454809 0.217957 0.262349 -0.130233 0.930971
1457965334.938364975 -0.116851 -0.0783167 0.467354 0.22151 0.249446 -0.130318 0.933663
1457965334.971734039 -0.135227 -0.0665087 0.484118 0.222434 0.243573 -0.127944 0.935321
1457965335.005069010 -0.134168 -0.079842 0.478475 0.218512 0.232809 -0.122437 0.939714
1457965335.038438074 -0.129228 -0.0659133 0.485031 0.221664 0.223226 -0.121062 0.941477
1457965335.071800463 -0.144661 -0.041249 0.508043 0.228044 0.218773 -0.118566 0.941316
1457965335.105166428 -0.168731 -0.07076 0.510088 0.223933 0.211198 -0.1009 0.946081
1457965335.138536446 -0.171211 -0.0640166 0.52211 0.22301 0.206223 -0.0984913 0.947649
1457965335.171905272 -0.179023 -0.0421956 0.544657 0.226481 0.201961 -0.0960942 0.94799
1457965335.205274813 -0.190061 -0.0309464 0.553209 0.227484 0.195981 -0.0943007 0.949184
1457965335.238643877 -0.189207 -0.0343119 0.561415 0.224961 0.187605 -0.0952654 0.951379
1457965335.272013895 -0.197239 -0.0355312 0.563521 0.225272 0.178413 -0.0889423 0.953683
1457965335.305382721 -0.169976 -0.028467 0.558773 0.227355 0.161735 -0.0829565 0.956697
1457965335.338754408 -0.169137 -0.0233313 0.556996 0.228935 0.153125 -0.0813704 0.957873
1457965335.372120850 -0.170632 -0.014653 0.560373 0.232462 0.14345 -0.0779415 0.958806
1457965335.405490868 -0.180056 0.0119724 0.589658 0.238041 0.137374 -0.0818383 0.958002
1457965335.438862555 -0.162473 0.0182898 0.593069 0.241039 0.120679 -0.0811189 0.959561
1457965335.472231380 -0.183921 0.00682975 0.606299 0.238189 0.113213 -0.0784408 0.961403
1457965335.505600445 -0.193382 -0.0054784 0.605091 0.234807 0.10332 -0.0768946 0.963472
1457965335.538967840 -0.184761 0.00244971 0.606794 0.237456 0.089834 -0.0768308 0.964179
1457965335.572336428 -0.173695 0.00564821 0.613681 0.238114 0.0777882 -0.0769921 0.965051
1457965335.605700247 -0.158827 0.0142132 0.616944 0.239468 0.0641897 -0.0745519 0.965907
1457965335.639058105 -0.167872 -0.00254524 0.603605 0.234625 0.0558643 -0.0722237 0.967788
1457965335.672428123 -0.164391 0.0107105 0.616152 0.237206 0.0472463 -0.0713853 0.96768
1457965335.705797188 -0.165316 0.00403889 0.608117 0.234833 0.0384864 -0.0683947 0.968862
1457965335.739166252 -0.165371 0.0112394 0.611622 0.236081 0.028904 -0.0672391 0.968973
1457965335.772542707 -0.160962 0.0108724 0.614618 0.236275 0.0167173 -0.0637816 0.969446
1457965335.805914156 -0.159427 0.00212136 0.616323 0.233505 0.00709518 -0.0614339 0.970387
1457965335.839283220 -0.161007 0.0220754 0.626554 0.237457 0.000647459 -0.0637374 0.969305
1457965335.872652285 -0.153581 0.0265063 0.624346 0.238023 -0.00924632 -0.0616784 0.969255
1457965335.906021111 -0.136942 0.0427451 0.634855 0.242481 -0.021363 -0.0600892 0.968058
1457965335.939391129 -0.158429 0.0247849 0.621305 0.238163 -0.0257478 -0.0571341 0.969201
1457965335.972762339 -0.146855 0.0220742 0.631135 0.236988 -0.0361339 -0.0541609 0.969329
1457965336.006138794 -0.168682 0.0141659 0.620658 0.234316 -0.0418575 -0.0536699 0.969775
1457965336.039507620 -0.171109 0.0195905 0.627315 0.235055 -0.0510806 -0.0566156 0.968986
1457965336.072902910 -0.149817 0.00851557 0.619471 0.233085 -0.0649768 -0.0538113 0.96879
1457965336.106271975 -0.138039 -0.00219932 0.626009 0.233714 -0.0764315 -0.0595068 0.967468
1457965336.139641039 -0.123117 0.00138471 0.6302 0.235134 -0.0864138 -0.058232 0.966361
1457965336.172984831 -0.133961 -0.00509216 0.611418 0.234959 -0.0951706 -0.0523742 0.965916
1457965336.206345312 -0.13406 -0.00386047 0.614753 0.239014 -0.105332 -0.0521463 0.963877
1457965336.239712708 -0.12454 -0.018845 0.620996 0.239393 -0.116668 -0.0503548 0.962572
1457965336.273067705 -0.122381 -0.0131122 0.626835 0.242597 -0.12776 -0.0489326 0.960432
1457965336.306436769 -0.124605 -0.0119066 0.631368 0.243388 -0.137164 -0.0461348 0.959072
1457965336.339806787 -0.129306 -0.012465 0.631772 0.24433 -0.142291 -0.0461079 0.958087
1457965336.373175613 -0.114619 -0.00845063 0.641234 0.246253 -0.152877 -0.0447516 0.956026
1457965336.406544678 -0.103766 -0.010075 0.648675 0.246741 -0.164079 -0.042609 0.954139
1457965336.439913742 -0.103713 -0.00770187 0.649946 0.247526 -0.173376 -0.0391791 0.952437
1457965336.473283760 -0.0945538 -0.000511587 0.656536 0.24927 -0.183542 -0.0338838 0.950278
1457965336.506652586 -0.100622 -0.0097594 0.658862 0.24573 -0.191322 -0.028722 0.949836
1457965336.540021650 -0.0897759 -0.0151478 0.667353 0.243378 -0.201957 -0.0250055 0.948343
1457965336.573390715 -0.0945238 0.00097084 0.673677 0.243943 -0.207187 -0.0206642 0.947174
1457965336.606760733 -0.0995918 0.00352952 0.663681 0.242335 -0.211448 -0.0154797 0.946744
1457965336.673500530 -0.103424 0.0131454 0.670748 0.243173 -0.220166 -0.00833095 0.944629
1457965336.706874363 -0.0941794 0.00613734 0.680603 0.242884 -0.232669 -0.00428831 0.941729
1457965336.740260355 -0.0911706 -0.00198321 0.673057 0.240134 -0.242097 -0.00236077 0.940063
1457965336.773629419 -0.0916882 -0.00136545 0.677475 0.239188 -0.247572 -0.00223778 0.938878
1457965336.806998245 -0.0858953 -0.00657827 0.680787 0.237004 -0.254187 -0.00274731 0.937662
1457965336.840374701 -0.0871138 -0.00141162 0.686495 0.237388 -0.259167 -0.00455016 0.936194
1457965336.873759262 -0.0878876 -0.001975 0.684119 0.236281 -0.264301 -0.00486878 0.935036
1457965336.907113783 -0.093595 0.00401701 0.679309 0.237585 -0.269063 -0.00454829 0.933348
1457965336.940497391 -0.0843866 -0.00370923 0.687486 0.235676 -0.278165 -0.00461302 0.931161
1457965336.973867647 -0.0860347 -0.00132553 0.695707 0.234304 -0.286041 -0.00473364 0.929118
1457965337.007237665 -0.0808707 -0.00295854 0.701186 0.234335 -0.29408 -0.00668588 0.926585
1457965337.040609352 -0.0899031 -0.000984609 0.697755 0.233889 -0.30161 -0.00569474 0.924281
1457965337.073981754 -0.0916025 -0.00160819 0.696595 0.232578 -0.309622 -0.00359216 0.92197
1457965337.107354395 -0.0893669 -0.00239034 0.700093 0.232018 -0.315792 -0.00432384 0.920013
1457965337.140725605 -0.0854904 0.00639929 0.713525 0.232748 -0.322856 -0.00398826 0.917375
1457965337.174093477 -0.0952175 0.0129771 0.708973 0.235032 -0.328736 -0.00152275 0.914708
1457965337.207462542 -0.113457 0.00660786 0.690533 0.233682 -0.331901 0.00421943 0.913902
1457965337.240827791 -0.110355 0.0165835 0.697443 0.235689 -0.339152 0.0105503 0.910668
1457965337.274197571 -0.107662 0.0103383 0.700779 0.234812 -0.344991 0.0138434 0.908655
1457965337.307563297 -0.112864 0.0171895 0.706253 0.237238 -0.349926 0.0200629 0.906017
1457965337.340935699 -0.116236 0.0157653 0.699711 0.237873 -0.354212 0.0258222 0.904037
1457965337.374304764 -0.110176 0.0128735 0.706576 0.238016 -0.361906 0.0328534 0.900718
1457965337.407678596 -0.108639 0.00783348 0.697774 0.237644 -0.36836 0.041625 0.897833
1457965337.441043608 -0.10735 0.0114798 0.705135 0.239871 -0.374626 0.0497157 0.894229
1457965337.474403135 -0.100838 0.0242885 0.712959 0.244098 -0.380097 0.059535 0.890167
1457965337.507767908 -0.10605 0.0148711 0.706163 0.242507 -0.382865 0.0672078 0.888869
1457965337.541134827 -0.110319 0.00592358 0.692519 0.241332 -0.384843 0.0726222 0.887908
1457965337.574498169 -0.10836 0.0209878 0.702295 0.245985 -0.391442 0.0813662 0.882975
1457965337.607853643 -0.103233 0.0200063 0.706676 0.247752 -0.400172 0.0907057 0.877641
1457965337.641216747 -0.0956536 0.0168492 0.711818 0.249529 -0.411762 0.0983585 0.870926
1457965337.674577229 -0.0941023 0.0298025 0.714651 0.253516 -0.420944 0.108251 0.864186
1457965337.707946293 -0.0943848 0.0233543 0.698104 0.254549 -0.422233 0.113242 0.862612
1457965337.741315119 -0.0962179 0.0220181 0.695395 0.25563 -0.423657 0.118356 0.860907
1457965337.774684183 -0.0878262 0.0229782 0.707343 0.258198 -0.429611 0.122528 0.856595
1457965337.808050148 -0.0896793 0.0309267 0.702118 0.259324 -0.436438 0.13278 0.851259
1457965337.841419212 -0.0805999 0.0261041 0.709263 0.260476 -0.443498 0.139663 0.846142
1457965337.874781839 -0.0679478 0.0281464 0.736787 0.264454 -0.452148 0.142576 0.839821
1457965337.908146612 -0.0745236 0.0308503 0.720601 0.265609 -0.455685 0.145467 0.837044
1457965337.941516630 -0.0585494 0.026394 0.737266 0.263792 -0.469325 0.15011 0.829226
1457965337.974889986 -0.0606226 0.0266745 0.740248 0.26264 -0.482303 0.156192 0.82098
1457965338.008258812 -0.0553461 0.0349187 0.760743 0.261796 -0.499247 0.168437 0.808607
1457965338.041623585 -0.0657019 0.0288093 0.7294 0.26022 -0.509084 0.178946 0.800685
1457965338.074993603 -0.0603669 0.0179586 0.723084 0.256 -0.517421 0.187762 0.79466
1457965338.108315937 -0.0539433 0.0139516 0.734934 0.254879 -0.524917 0.190457 0.789446
1457965338.141685001 -0.0521175 0.00902091 0.728933 0.249593 -0.533072 0.196068 0.78428
1457965338.175053827 -0.0534196 0.0171763 0.738552 0.246938 -0.544688 0.201624 0.775683
1457965338.208423845 -0.0430363 -0.00632833 0.732797 0.237715 -0.554737 0.201568 0.771446
1457965338.241805069 -0.0517414 0.0105513 0.752603 0.235541 -0.563991 0.203263 0.76493
1457965338.275174133 -0.0500348 0.0178138 0.76745 0.232337 -0.573335 0.205924 0.758223
1457965338.308546774 -0.0462863 0.0332276 0.786907 0.23076 -0.580679 0.213017 0.751123
1457965338.341916792 -0.0464944 0.0296963 0.777147 0.229756 -0.581134 0.214341 0.750702
1457965338.375293486 -0.043685 0.0264544 0.77836 0.22801 -0.585215 0.215307 0.747781
1457965338.408664219 -0.0418251 0.0280577 0.790671 0.227557 -0.590996 0.215474 0.743312
1457965338.442033283 -0.042381 0.0236348 0.781975 0.225695 -0.59395 0.215498 0.741516
1457965338.475401394 -0.0408172 0.0173053 0.779064 0.223413 -0.598586 0.214557 0.738747
1457965338.508772127 -0.0328019 0.0161919 0.795587 0.22176 -0.605681 0.211702 0.734272
1457965338.542151443 -0.0403083 0.0210864 0.790243 0.220049 -0.609909 0.210984 0.731489
1457965338.575520508 -0.0378264 0.01661 0.787658 0.215316 -0.614119 0.209006 0.729941
1457965338.608890526 -0.038346 0.0246942 0.804989 0.213002 -0.622223 0.208196 0.723963
1457965338.642259352 -0.0470604 0.0302981 0.788716 0.21142 -0.62312 0.207795 0.723771
1457965338.675628416 -0.0514578 0.0396678 0.788328 0.213786 -0.62558 0.207457 0.721046
1457965338.708997480 -0.0458665 0.0397365 0.784309 0.214697 -0.626093 0.208573 0.720007
1457965338.742367498 -0.0447979 0.0275741 0.790223 0.212474 -0.627651 0.205851 0.720093
1457965338.775726072 -0.04402 0.0376225 0.790736 0.213637 -0.627154 0.205958 0.720152
1457965338.809093468 -0.0493416 0.0449312 0.774285 0.216806 -0.623203 0.207281 0.722252
1457965338.842435352 -0.0461081 0.0442709 0.779497 0.220223 -0.623407 0.205813 0.721461
1457965338.875804178 -0.0491739 0.0434313 0.783812 0.22161 -0.623207 0.204334 0.72163
1457965338.909165136 -0.0467931 0.0413646 0.777741 0.222118 -0.620086 0.201931 0.724832
1457965338.942533962 -0.0472057 0.0442351 0.779409 0.224488 -0.618595 0.200658 0.725728
1457965338.975911133 -0.0446352 0.0403778 0.792847 0.22489 -0.618038 0.200713 0.726063
1457965339.009273045 -0.0410654 0.0367582 0.789744 0.22429 -0.613746 0.197295 0.730811
1457965339.042642109 -0.0459547 0.0389842 0.783065 0.227312 -0.610425 0.195029 0.733262
1457965339.076017372 -0.0438882 0.0355465 0.781374 0.226996 -0.609066 0.194119 0.734731
1457965339.109388105 -0.0404634 0.0289887 0.790137 0.224646 -0.609743 0.192123 0.735416
1457965339.142759315 -0.043871 0.0302524 0.793611 0.221357 -0.608307 0.191079 0.737871
1457965339.176155560 -0.0407806 0.0325314 0.773773 0.220671 -0.605439 0.190726 0.740522
1457965339.209496014 -0.0427211 0.0354494 0.765033 0.220959 -0.603057 0.192075 0.742029
1457965339.242863409 -0.0428479 0.0364017 0.77135 0.221531 -0.602995 0.192566 0.741781
1457965339.276235096 -0.0391978 0.0354162 0.779448 0.222131 -0.603535 0.192295 0.741233
1457965339.309604160 -0.0541552 0.0483407 0.77611 0.226934 -0.602722 0.194454 0.739875
1457965339.342973225 -0.0469936 0.0383104 0.775456 0.225962 -0.602561 0.194415 0.740314
1457965339.376340382 -0.04538 0.0356635 0.773928 0.226981 -0.603859 0.19352 0.739178
1457965339.409713737 -0.04922 0.0371055 0.770681 0.228083 -0.604423 0.195529 0.737848
1457965339.443079464 -0.0453198 0.0340776 0.783678 0.228859 -0.60528 0.193729 0.73738
1457965339.476435415 -0.0527048 0.0381406 0.770395 0.227909 -0.601633 0.195341 0.740228
1457965339.509817354 -0.0465289 0.0378665 0.786728 0.228194 -0.60493 0.195003 0.737537
1457965339.543181173 -0.0463215 0.0325738 0.781925 0.226295 -0.604845 0.19491 0.738216
1457965339.576543324 -0.0483597 0.0353109 0.779906 0.225895 -0.604247 0.195269 0.738734
1457965339.609910480 -0.0513538 0.0426017 0.782114 0.227454 -0.604112 0.196161 0.738129
1457965339.643279545 -0.0446145 0.03058 0.777103 0.224888 -0.603409 0.193988 0.740062
1457965339.676649324 -0.0406363 0.0292668 0.766003 0.225545 -0.601528 0.191853 0.741948
1457965339.710020296 -0.0473638 0.0329393 0.748579 0.227 -0.597577 0.191452 0.744794
1457965339.743389360 -0.0456047 0.0363253 0.76577 0.22841 -0.599554 0.191723 0.742702
1457965339.776756517 -0.0465392 0.0352392 0.749353 0.228339 -0.596838 0.192845 0.744618
1457965339.810126535 -0.0519405 0.0451776 0.74795 0.230997 -0.592922 0.196117 0.746071
1457965339.843495361 -0.0467607 0.0469533 0.75533 0.233694 -0.590407 0.198336 0.746639
1457965339.876864426 -0.0489704 0.0449662 0.755234 0.236559 -0.588103 0.199565 0.747227
1457965339.910224907 -0.0484392 0.0386678 0.742572 0.238186 -0.584564 0.201078 0.749079
1457965339.943553917 -0.0425649 0.0420997 0.747637 0.24304 -0.582403 0.202512 0.748818
1457965339.976922743 -0.0416158 0.0263636 0.751496 0.242135 -0.581419 0.201263 0.750211
1457965340.010291807 -0.0427732 0.0218409 0.748364 0.240672 -0.579927 0.200279 0.752098
1457965340.043659441 -0.0506616 0.0256222 0.737343 0.240781 -0.576893 0.201268 0.754128
1457965340.077029459 -0.0512299 0.0323795 0.736363 0.242333 -0.576782 0.20201 0.753518
1457965340.110399954 -0.0452243 0.0249875 0.742979 0.240324 -0.579259 0.203757 0.751789
1457965340.143768780 -0.0458399 0.025279 0.74496 0.240188 -0.57931 0.204958 0.751467
1457965340.177137844 -0.0513258 0.03195 0.742502 0.240647 -0.579105 0.207222 0.750857
1457965340.210506432 -0.0506107 0.0223481 0.733179 0.237305 -0.579396 0.207826 0.751528
1457965340.243876926 -0.0528497 0.0178222 0.736746 0.236162 -0.581657 0.205764 0.750709
1457965340.277245752 -0.057448 0.0269795 0.747936 0.236321 -0.584181 0.205782 0.748691
1457965340.310613386 -0.0560379 0.0263353 0.754504 0.236328 -0.587653 0.205146 0.746142
